  0.016000   0.000000   0.016000 (  0.015001)
1
2
2
3
4
6
9
9
9
9
12
18
19
21
22
24
25
26
26
27
27
28
28
29
29
30
32
32
32
33
34
34
37
37
38
39
39
39
39
40
42
43
43
43
43
44
44
44
46
47
47
47
48
48
49
51
52
52
53
53
53
55
55
57
57
59
60
60
62
62
62
63
64
65
65
65
69
71
71
72
75
77
78
79
79
80
80
83
83
84
85
90
90
91
92
96
97
97
98
99
100
101
101
101
103
103
103
104
104
108
108
110
113
113
114
114
115
116
116
117
119
120
122
127
127
127
128
129
129
129
131
131
134
135
141
142
144
144
146
146
146
147
147
148
150
151
154
154
155
156
157
164
164
164
165
167
171
173
173
175
176
176
177
178
178
178
179
180
181
183
183
183
184
187
188
188
189
190
193
193
195
195
197
197
198
198
200
200
200
206
206
208
209
211
212
212
214
215
215
216
216
217
218
218
218
219
221
222
222
222
222
223
226
227
228
232
232
233
234
234
236
237
239
240
240
241
241
243
244
245
245
246
246
246
247
248
248
249
250
251
252
254
254
255
255
256
256
258
259
260
260
261
261
262
262
262
267
269
270
270
271
272
272
273
273
274
274
274
274
274
274
278
279
280
280
281
283
283
286
288
290
291
291
292
293
294
297
299
299
304
305
306
307
307
309
309
310
310
310
313
315
315
315
316
318
318
321
321
322
323
325
325
326
326
329
332
333
334
335
337
339
342
342
343
343
347
348
351
351
352
354
354
354
354
354
356
358
358
359
359
361
363
366
366
367
368
370
370
370
374
376
376
376
378
378
382
383
383
385
385
386
386
386
387
390
392
393
393
394
394
394
395
396
397
397
398
398
398
400
400
402
403
403
404
405
405
406
408
408
409
410
413
413
413
414
416
419
419
419
420
420
422
423
423
424
424
425
425
426
426
429
431
433
434
435
435
435
436
437
438
438
439
440
441
443
445
445
445
446
446
446
447
447
448
449
452
453
454
454
454
455
456
456
459
460
464
465
465
466
468
468
468
469
470
470
471
474
477
477
478
480
482
482
485
487
487
487
488
488
489
489
490
490
491
493
494
497
498
500
500
500
502
503
505
506
506
507
507
507
508
508
508
509
510
514
515
516
517
519
520
523
523
526
527
527
527
529
530
530
530
530
531
532
533
533
533
534
535
535
536
537
537
537
538
539
541
541
542
542
543
543
544
544
544
545
545
546
546
549
549
550
550
552
552
555
555
556
556
557
562
563
565
565
566
567
567
568
569
569
571
572
572
573
573
574
574
576
579
580
582
587
587
588
589
589
591
592
592
594
595
595
595
595
595
596
597
597
597
598
598
598
599
599
599
601
601
605
605
605
605
607
608
609
611
612
612
613
614
616
616
616
619
619
621
621
622
622
622
624
624
625
628
629
629
629
629
629
630
632
633
635
635
636
637
638
639
639
639
639
640
641
643
643
646
647
647
648
648
649
649
650
651
651
652
654
654
655
660
660
660
661
661
664
664
664
666
667
668
669
669
669
672
674
674
675
676
679
679
680
680
683
683
683
684
684
685
687
689
689
690
693
694
694
695
696
698
698
698
699
699
700
701
703
705
705
705
706
708
709
709
713
713
714
714
715
715
715
715
717
717
717
717
718
720
720
721
721
722
726
726
727
727
727
729
730
732
733
737
737
737
737
737
741
742
742
743
744
744
744
745
746
750
750
752
752
753
753
753
754
756
757
761
761
762
763
763
764
765
765
765
766
766
766
767
767
771
772
774
775
775
775
776
777
777
778
779
780
781
782
782
782
783
785
786
787
787
788
788
788
788
790
790
790
791
795
795
796
798
801
802
802
803
805
806
807
807
808
810
811
811
812
812
814
815
817
817
819
820
820
820
820
821
822
822
823
825
827
828
829
829
830
830
830
831
831
834
836
836
836
839
841
841
841
841
842
845
847
847
847
848
848
849
851
852
854
855
855
856
856
857
858
858
861
861
861
862
865
866
867
867
867
868
871
873
876
877
877
877
879
879
879
883
883
884
884
884
885
887
887
888
891
892
893
893
895
895
895
895
896
896
896
898
902
903
904
904
907
908
908
911
912
914
914
917
918
918
920
920
920
924
924
925
925
925
926
926
926
933
934
935
937
937
938
938
940
940
940
941
941
941
942
942
943
943
943
944
944
945
945
949
949
950
951
953
956
956
958
958
960
963
964
966
967
972
972
973
974
975
979
980
982
982
984
984
984
986
987
988
990
990
991
991
991
992
993
994
995
996
996
998
